744.29
694.29
694.29
687.147
687.147
687.147
680.004
680.004
680.004
680.004
672.861
665.718
665.718
665.718
662.146
658.575
658.575
655.003
651.432
644.289
630.003
615.717
601.432
587.146
565.717
540.717
522.859
508.573
494.288
487.145
480.002
472.859
458.573
458.573
447.859
437.144
430.001
430.001
430.001
426.43
422.858
415.715
408.573
401.43
397.858
394.287
394.287
394.287
387.144
372.858
372.858
372.858
372.858
372.858
372.858
372.858
372.858
372.858
372.858
372.858
372.858
372.858
372.858
372.858
372.858
372.858
372.858
372.858
372.858
372.858
372.858
372.858
372.858
372.858
372.858
371.072
369.286
367.501
365.715
365.715
365.715
365.715
365.715
365.715
364.286
362.858
361.429
360.001
358.572
358.572
358.572
358.572
358.572
358.572
355.001
351.429
351.429
351.429
351.429
0
