22.8625
33.5767
44.291
58.5766
72.8622
101.434
119.291
137.148
172.862
251.433
322.861
344.289
430.003
558.574
601.431
651.431
701.431
744.288
794.287
822.859
851.43
894.287
915.715
930.001
937.144
937.144
937.144
194.29
180.005
187.147
208.576
230.004
265.718
294.29
322.861
344.289
365.718
437.146
451.432
522.86
558.574
572.86
572.86
515.717
430.003
258.576
315.718
344.289
372.861
430.003
472.86
522.86
587.145
522.86
444.289
308.575
280.004
330.004
380.004
387.146
394.289
280.004
272.861
301.433
351.432
408.575
458.575
480.003
497.86
544.289
551.431
494.289
444.289
465.717
515.717
558.574
615.717
644.288
658.574
680.002
680.002
680.002
558.574
501.432
480.003
508.574
530.003
551.431
630.002
680.002
708.573
737.145
758.573
801.43
808.573
808.573
744.288
658.574
665.716
851.43
