672.862
672.862
672.862
672.862
665.719
651.433
637.148
608.576
587.148
572.862
530.004
515.719
472.861
465.719
430.004
422.861
387.147
358.575
351.433
351.433
351.433
351.433
372.861
372.861
394.29
401.433
415.718
430.004
437.147
444.29
465.719
480.004
487.147
494.29
515.719
544.29
558.576
572.862
587.147
608.576
622.862
637.148
651.433
665.719
680.005
701.434
730.005
751.434
765.72
794.291
815.72
480.005
480.005
480.005
487.147
494.29
530.005
558.576
565.719
565.719
565.719
472.862
430.005
422.862
465.719
494.29
551.433
544.291
508.576
480.005
380.004
315.719
222.861
201.433
187.147
172.861
172.861
172.861
172.861
180.004
187.147
208.575
215.718
244.29
280.004
315.719
358.576
394.29
430.005
472.862
508.576
544.291
565.719
594.291
608.576
630.005
644.291
658.577
672.862
715.72
