672.862
672.862
780.006
822.863
865.721
880.006
915.721
244.29
215.719
194.29
201.433
230.004
251.433
280.004
458.576
580.005
687.149
787.149
830.006
837.149
837.149
837.149
837.149
837.149
201.433
201.433
172.861
165.719
165.719
165.719
172.861
265.719
330.005
494.291
565.72
637.148
665.72
680.006
687.149
708.577
715.72
715.72
715.72
694.292
665.72
651.434
530.005
444.291
372.862
344.29
337.147
315.719
308.576
308.576
551.434
630.005
722.863
744.292
780.006
794.292
808.578
808.578
808.578
808.578
808.578
801.435
801.435
780.006
744.292
651.434
494.291
358.576
322.862
215.719
151.433
144.29
115.719
94.29
58.5756
51.4328
51.4328
51.4328
58.5756
151.433
187.147
230.005
280.005
380.005
437.148
451.434
508.577
530.005
551.434
594.291
615.72
637.149
644.292
651.434
651.434
651.434
