79.9994
82.1422
83.5708
84.285
84.9993
85.7136
85.7136
85.7136
85.7136
85.7136
45.714
42.1426
28.5713
24.2856
21.4285
18.5714
16.4285
14.2857
12.1428
11.4286
10
10
10.7143
15
24.9999
45.714
58.571
64.2852
67.1423
73.5708
75.7137
78.5708
81.4279
84.9993
86.4279
87.1422
87.1422
87.1422
87.1422
84.285
77.1422
40.714
20.7142
12.8571
10.7143
7.85716
10
15.7142
17.1428
30.7141
65.7138
73.5708
81.4279
72.8566
13.5714
65.7138
75.7137
73.5708
67.1423
57.8567
47.8568
37.1426
30.357
2.85721
12.1428
17.1428
68.5709
79.9994
83.5708
87.8564
87.8564
78.5708
71.428
64.2852
44.9997
53.571
60.7138
68.5709
82.1422
84.9993
79.2851
15
27.1427
31.4284
35.7141
40.714
45.714
50.3568
54.9996
63.5709
79.9994
80.7136
33.5712
45.714
49.2854
52.8568
56.7853
29.9998
32.8569
43.5711
