5.71432
5.71432
5.71432
5.71432
5.71432
5.71432
5.71432
5.71432
5.71432
6.07146
6.4286
6.78574
7.14288
7.50002
7.85716
8.2143
8.57144
9.28572
10
10.7143
11.4286
11.7857
12.1428
12.5
12.8571
13.0952
13.3333
13.5714
15
15.7142
16.0714
16.4285
16.4285
17.8571
18.5714
18.5714
19.2856
19.2856
19.2856
19.9999
20.357
20.7142
21.4285
21.7856
22.1427
22.4999
22.857
24.2856
24.2856
25.7141
25.7141
26.4284
27.1427
27.857
28.5713
29.2855
29.2855
30.7141
30.7141
31.4284
32.1427
32.8569
33.5712
33.5712
34.2855
34.6426
34.9998
36.4283
37.1426
37.8569
38.5712
38.5712
39.2854
39.9997
40.714
41.4283
41.4283
42.8568
43.5711
44.2854
44.2854
45.714
46.4282
47.8568
48.5711
49.2854
49.9996
50.7139
50.7139
52.8568
52.8568
53.571
54.2853
54.9996
55.7139
55.7139
55.7139
56.4281
56.4281
56.4281
