79.9994
15
15
15
15.3571
16.4285
16.7857
17.1428
18.5714
18.5714
18.5714
19.2856
21.4285
21.4285
22.1427
22.857
23.5713
24.2856
24.2856
24.2856
24.2856
24.2856
24.2856
24.2856
24.2856
24.2856
24.2856
24.2856
23.5713
22.1427
20.7142
19.2856
17.8571
15.7142
15
13.5714
13.5714
12.1428
10.7143
10.7143
10
9.28572
8.57144
8.57144
7.85716
7.85716
7.85716
7.85716
7.85716
8.57144
9.28572
10
10.7143
11.4286
12.1428
12.8571
14.2857
15
15.7142
16.4285
17.1428
17.8571
18.5714
19.2856
15.7142
13.5714
13.5714
13.9285
15
15.3571
15.7142
17.8571
18.5714
20.7142
21.4285
21.4285
21.4285
19.9999
16.4285
15
17.1428
18.5714
22.1427
23.5713
26.4284
28.5713
29.2855
30.7141
31.4284
31.4284
31.4284
32.8569
32.8569
33.5712
33.5712
33.5712
33.5712
33.5712
32.8569
32.1427
