71.428
71.428
69.9995
69.9995
69.9995
69.2852
69.2852
69.2852
67.8566
67.8566
67.8566
67.8566
67.8566
67.8566
67.8566
67.1423
66.4281
66.4281
64.2852
60.7138
59.9995
57.1424
53.571
50.7139
29.2855
24.2856
24.2856
24.2856
24.2856
24.9999
25.7141
26.4284
27.857
28.9284
29.9998
31.0712
32.1427
34.2855
35.7141
37.1426
39.9997
41.0711
42.1426
44.9997
51.4282
54.9996
62.8567
69.2852
74.2851
80.7136
82.1422
84.285
84.285
82.8565
82.8565
82.8565
82.1422
79.9994
79.2851
77.8565
76.428
74.2851
70.7137
67.1423
59.2853
57.8567
57.1424
57.1424
57.1424
57.1424
69.2852
71.428
73.928
76.428
78.5708
79.2851
80.7136
80.7136
77.1422
72.1423
67.8566
62.1424
55.7139
55.7139
56.4281
57.1424
59.2853
62.1424
64.9995
67.1423
69.2852
72.1423
73.5708
74.9994
76.428
76.428
76.428
77.1422
78.5708
82.8565
