29.678
31.8209
31.8209
31.8209
31.8209
30.3923
24.678
21.1065
17.5351
15.3922
15.3922
13.9636
13.2493
10.3921
10.3921
8.96356
7.53498
7.53498
8.24927
10.3921
11.1064
11.8207
13.9636
14.3208
15.3922
15.3922
16.1065
16.1065
16.1065
13.2493
9.67786
9.67786
9.67786
9.67786
10.3921
11.1064
11.1064
11.1064
11.1064
10.3921
9.67786
7.53498
7.53498
7.53498
7.53498
7.53498
8.24927
8.24927
9.67785
10.3921
11.1064
11.8207
11.1064
8.96356
6.10639
6.82069
3.96352
0.392057
1.10635
1.82064
2.53493
3.60637
3.96352
3.24923
3.24923
3.96352
4.67781
4.67781
4.67781
4.67781
5.3921
6.10639
6.10639
6.10639
6.10639
6.10639
4.67781
3.24923
3.24923
3.24923
3.24923
3.24923
3.24923
3.24923
3.24923
3.24923
2.53493
1.82064
1.10635
1.10635
1.10635
1.10635
1.10635
1.10635
1.10635
1.10635
1.10635
1.10635
1.10635
1.10635
