23.9637
23.9637
18.2494
15.3922
6.10639
5.3921
11.8207
13.2493
17.5351
15.3922
6.82068
3.24922
2.53493
3.96351
8.96356
11.8207
15.3922
18.9637
19.6779
16.1065
14.6779
12.535
12.535
12.535
15.3922
16.1065
16.1065
16.1065
16.1065
16.1065
16.1065
16.1065
16.1065
16.1065
16.1065
16.8208
17.5351
17.5351
17.5351
18.2494
18.9637
22.5351
24.678
26.1066
27.5352
29.6781
31.8209
33.2495
36.1067
38.9639
41.821
41.821
44.6782
48.2497
50.3925
51.8211
53.964
55.3926
56.8212
58.2497
60.3926
61.8212
63.9641
66.8212
67.5355
69.6784
71.8213
72.5356
72.5356
72.5356
72.5356
72.5356
36.1067
40.3925
41.1068
43.9639
43.9639
43.9639
43.9639
38.2496
32.5352
28.2495
29.6781
34.6781
36.821
39.6782
41.821
43.2496
43.2496
43.2496
36.1067
35.3924
36.821
38.2496
40.3925
41.4639
44.6782
44.6782
45.3925
38.2496
