6.82068
9.67785
11.1064
11.8207
11.8207
12.535
13.2493
14.6779
15.3922
15.3922
15.3922
16.1065
16.1065
13.2493
12.535
13.2493
12.535
12.535
11.8207
11.8207
11.8207
11.8207
11.1064
11.1064
11.1064
12.535
13.2493
14.6779
14.6779
14.6779
14.6779
14.6779
15.3922
16.1065
16.8208
16.8208
16.8208
16.8208
16.8208
16.8208
16.8208
16.8208
16.8208
16.8208
16.1065
15.3922
14.6779
13.2493
13.2493
13.9636
13.9636
13.9636
13.9636
13.9636
13.9636
13.9636
13.9636
13.9636
13.9636
13.9636
13.9636
13.9636
13.2493
13.2493
13.2493
13.2493
13.2493
13.2493
13.2493
14.6779
15.3922
15.3922
16.1065
17.5351
18.2494
19.3208
20.3922
21.8208
22.8923
23.9637
24.3208
24.678
25.0351
25.3923
25.3923
25.3923
25.3923
25.3923
24.678
23.9637
23.9637
23.9637
23.9637
23.2494
22.5351
21.8208
21.1065
20.3922
20.3922
19.6779
