4.67781
5.39211
6.1064
6.46354
6.82069
8.24928
8.96357
8.96357
9.67786
11.8207
12.535
13.9636
14.6779
17.5351
19.678
23.9637
29.678
32.5352
36.821
38.9638
46.1068
48.9639
53.2497
54.6783
58.964
60.3926
63.2498
65.3926
66.8212
66.8212
66.8212
40.3924
41.1067
42.5353
48.9639
49.6782
65.3926
67.5355
71.107
71.8213
36.1067
36.1067
38.2495
40.3924
42.5353
48.2496
51.1068
53.964
58.964
10.3921
11.8207
13.2493
16.8208
17.5351
19.6779
16.1065
9.67784
8.96355
8.96355
8.96355
10.3921
11.4636
12.535
14.6779
16.8208
18.9636
20.3922
22.5351
23.2494
15.3922
10.3921
10.3921
11.1064
12.535
15.3922
16.8208
17.5351
18.9636
19.6779
17.5351
10.3921
8.96355
9.67784
11.8207
76.107
76.8213
77.5356
77.5356
77.5356
77.5356
77.5356
77.5356
77.5356
77.5356
77.5356
77.5356
77.5356
76.107
73.2499
46.8211
